% Matlab script to reproduce the figures in the paper:
%
%   Tom Michoel and Yves van de Peer, "A helicoidal transfer matrix model
%      for inhomogeneous DNA melting", Phys. Rev. E 73, 011908 (2006)
%      arXiv:q-bio/0507036
%
% Warning: it takes some time to do all these computations!

%%%% DNA sequences %%%%%%%%%%%%%%%%%%%%%%%%%%%%%%%%%%%%%%%%%%%%%%%%%%%%%%%%%%
% pBR322 sequence
pbr322 = [4 4 2 4 2 1 4 3 4 4  4 3 1 2 1 3 2 4 4 1  4 2 1 4 2 3 1 4 1 1 ...
          3 2 4 4 4 1 1 4 3 2  3 3 4 1 3 4 4 4 1 4 2 1 2 1 3 4 4 1 1 1  4 ...
          4 3 2 4 1 1 2 3 2  1 3 4 2 1 3 3 2 1 2  2 3 4 3 4 1 4 3 1 1  1 ...
          4 2 4 1 1 2 1 1 4 3 2 3 2 4 2 1 4 2 3  4 2 1 4 2 2 4 2 3 3  2 1 ...
          2 2 3 4 2 1 2 2  2 4 3 3 1 4 3 2 4 3  4 1 3 3 2 1 4 1 3 3 2 4 4 ...
          3 3 4 4 1 4 3  2 2 3 3 4 1 2 4 3 2  2 3 3 3 2 2 4 2 4 4  3 2 3 ...
          3 3 1 4 1 4 2  3 4 2 2 1 4 4 2 2 3 1 2 1 3 2 1 4 2 3 2  2 1 3 4 ...
          2 1 2 4 1 4 3 3 2 3 4 3 2 4 3 2  4 1 3 2 3 2 4 1 4 1  4 3 2 3 4 ...
          4 3 1 4 3 2 1 1 4 4 4 2 4 1 4  3 2 3 2 1 2 2 2 3 4  4 2 4 2 3 3 ...
          1 3 2 1  2 4 3 4 2 2 3 1 2 2  3 2 4 4 4 3 3 2 2 3 2 2 3 2 2 2 1 ...
          3 4 2  2 4 3 2 4 2 3 2 4 4  2 3 2 4 1 2 4 4 3 3  1 3 2 2 1 2 4 ...
          1 4 2  3 1 2 4 1 2 3 2 3 1 4 2 1 4 3 3 2 3 1 2  2 1 2 1 2 2 2 3 ...
          4 2  2 4 3 4 3 3 1 4 2 2  4 2 4 1 2 3 2 2 3 3  1 2 3 2 1 4 2 3 ...
          4 3 3 2 2 3 3 2 1 4 2 1 2 2 3 3 2 3 2 2 1 2  1 3 3 4 3 2 3 3 4 ...
          4  3 2 4 3 3 2 3 2 2 4  1 4 1 4 2 3 2 2 3 1 2 1 4 2 1 2 2 3 1 4 ...
          3 3 3 3 1 1 3 1 4 2  3 3 3 2 4 2 3 2 2 1  2 4 4 2 3 3 3 2 4 2 ...
          1 4 3 1 3 2 3 2 4 4 3 4 4 4 2 3 3 2 3 4  3 3 3 4 1 4 3 3 4 3  3 ...
          2 1 3 3 2 2 2 2 3  4 3 3 2 2 3 3 3 3 3  1 2 4 3 4 4 3 3 3 2 3 2 ...
          2 1 4 2 4 2 2 4  4 3 2 1 4 3 2 1 2 2  1 4 4 2 2 4 4 3 2 3  3 2 ...
          3 3 2 3 3 4 3 2  4 2 1 1 2 3 3 2 2 4 2 1 1 2 2 4 1 2 4 1  2 4 3 ...
          3 3 2 4 3 2 4  4 2 2 4 1 1 4 3 2 1 3 3 1 3 4 2 3 2 1 4  1 1 3 3 ...
          3 1 3 1 3 2 3 4 2 3 1 2 2 3 1 4  3 2 2 2 4 4 3 1 3 1  3 2 2 4 4 ...
          2 1 1 2 2  2 1 3 4 2 1 3 2 4 2  2 4 4 2 2 3 3 4 3 3 3 2 3 2 3 3 ...
          3 3 2 1  4 3 1 2 4 1 4 2 3 4  2 3 2 2 3 2 1 2 4 4  1 4 3 1 2 4 ...
          3 4 2 4  4 2 4 4 4 1 4 2 1 4 3 2 1 1 2 4 2 3 4 1  3 3 1 2 1 3 3 ...
          4 3 2  2 3 3 2 1 3 2 3 2 4  2 4 3 3 3 4 2 1 4 4  4 4 2 3 3 2 3 ...
          1 3 3 1 2 2 3 2 4 4 4 2 3  2 4 3 3 1 3 2 3 2 3 1 2 3 1 4 3 1 4 ...
          2 3  3 2 2 4 3 4 2 3 2 4  4 3 2 3 3 4 1 4 4 2 3 3 1 1 4 2 4 4 3 ...
          2  1 2 3 2 2 2 4 2 3 2  4 2 1 1 3 2 2 4 4 2  3 4 2 1 2 4 3 3 4 ...
          2 2 2 3 2 2 1 2 2 1 1 1 2 3 4 4 4 2 3 3 2  3 1 3 1 1 3 2 1 3 3 ...
          2 2 1 4 4 1 4 2 3 2  2 3 3 2 1 4 3 3 2 3  3 2 2 3 1 2 3 2 3 2 4 ...
          3 3 3 2 4 1 2 3 4  2 4 4 3 2 4 3 3 2 3  4 4 2 3 2 3 1 2 3 2  3 ...
          1 3 3 2 4 3 3 1 4  3 3 2 2 4 4 2 2 2 2 1 4 4 1 4 3 1 4 4 2 4 4 ...
          2 4 2 3 2 4 4 2  2 3 3 2 3 3 2 1 4 2  3 3 3 1 4 3 2 2 2 3  2 3 ...
          4 4 3 2 1 3 3 2 2 1 4 3 2 4 3 4 2 2  1 3 3 2 1 3 3 4 1 3  1 4 3 ...
          1 2 3 1 2 2 1  4 2 1 3 3 3 1 2 1 3  2 4 4 2 1 1 3 3 1 4 2 3 2 4 ...
          2 3 2 3 3 2  4 2 4 4 1 2 2 1 3 2  2 4 1 1 2 4 4 2 3 1  4 2 1 2 ...
          4 3 3 1 2 2 3 2 4 3 1 4 2 3 4 2 1 2 3 3 2 3 1 4 4 4  1 4 3 2 2 ...
          3 2 2 4 2  3 3 2 3 1 3 2 1 2 1  4 3 3 1 1 2 3 3 3 4  4 3 3 2 1 ...
          4 3 3 1 4 4 3 4 1 3 3 2 3 2 2  3 2 2 2 4 1 4 1 2 2  4 4 3 4 2 4 ...
          3 2 2 4 2 2 2 2 3 2 3 4 4 3  2 3 4 2 3 2 3 3 4 3 2 1 4 3 3 1 3 ...
          2 2 3  3 3 2 2 1 2 2 4 2 3  1 2 2 4 3 1 1 4 3 3  1 1 3 2 2 3 3 ...
          2 3 3  2 1 2 2 4 2 3 2 4 1 1 2 3 3 1 4 4 2 1 2  2 1 2 4 2 2 1 1 ...
          3 1  1 4 4 3 3 1 3 2 2 1  1 4 2 1 1 4 4 2 4 4  3 2 3 3 1 3 1 1 ...
          2 4 3 4 3 1 1 4 3 2 3 2  1 1 1 2 2 1 1 2 2 2  4 4 3 3 2 1 3 1 1 ...
          2  1 4 1 4 2 2 1 4 2 3 2 3 4 2 2 3 2 2 1 4 2 4 2 2 1 3 2 1 3 2 ...
          2 3 2 1 2 3 2 3 3 2 3 2 1 4 2 4 2 3 3 3  2 1 3 2 3 4 4 3 3 3  4 ...
          2 2 4 3 3 2 2 1 2 3 3 3 4 3 2 3 2 1 4  3 1 4 2 3 4 3 2 4 2  2 4 ...
          3 4 2 3 4 4 3 1  3 3 1 2 2 2 3 3 2 4  1 3 3 2 4 3 3 2 3 3 3 3 4 ...
          4 3 2 2 4 4 1  2 4 3 3 4 4 1 3 2 1  3 1 1 4 3 1 1 4 2 1 2 2 3 1 ...
          4 1 2 3 2 3  1 3 2 3 1 1 2 3 4 3 1 1 3 2 3 1 2 4 3 2  4 3 2 4 3 ...
          2 1 1 1 1  2 3 4 2 4 3 2 3 1 2  2 4 3 1 3 2 1 1 2 1  1 2 1 4 3 ...
          1 1 4 3 3 4 2 4 4 2 3 3 4 4 4 2 2 3 4 3 4 4 4 2 3  4 1 1 1 3 4 ...
          2 4 3 3  1 1 1 2 3 2 3 3 1 1 3 4 2 1 3 2 3 2 2 2 4 3 2 1 2 2 1 ...
          4 4 1  4 3 4 4 2 2 3 3 1 4  2 4 3 2 1 4 2 3 2 1  3 3 1 4 3 2 4 ...
          3 2 4  3 3 2 4 1 2 2 2 4 3 4 3 3 1 1 2 1 2 2 4  1 2 1 4 2 4 3 4 ...
          1 4  4 1 1 2 3 1 1 3 2 3  2 4 3 3 2 1 4 4 3 1  2 2 2 4 3 1 3 4 ...
          3 1 4 4 4 4 4 2 4 2 4 3  3 4 2 2 2 3 2 2 3 2  1 4 2 2 1 4 1 2 2 ...
          3 2 2 1 3 4 4 3 4 4 4  1 2 2 2 4 2 1 2 1 1 2 3 4 4 2 2 1 3 4 1 ...
          1 2 2 3 3 3 2 1 4 3  4 4 2 1 4 2 1 4 2 1 3 4 1 1 2 2 2 3 4 1  4 ...
          2 3 4 3 1 3 2 1 4 2 2 4 2 4 2 4 2 3 4  4 4 2 1 4 2 3 3 4 1  4 2 ...
          1 4 4 1 2 2 2 2  2 1 4 3 1 1 2 1 3 1 1 1 4 4 2 2 2 2 2 4 4 1 2 ...
          1 2 3 3 1 3 3  2 1 4 2 1 1 3 4 3 1 2 2 1 1 1 2 1 3 3 1  1 1 1 1 ...
          1 2 2 3 2 2  2 4 4 1 1 2 1 4 3 3 2 2 2 3 2 4 4 4 1 4  2 1 3 1 1 ...
          3 2 2 1 3  1 2 1 4 4 1 1 2 3 2  4 4 2 4 3 3 1 3 1 1  1 2 4 2 1 ...
          1 2 3 1 3 2 4 3 3 1 2 3 2 3 3  1 4 3 1 1 2 1 3 3 2 1 3 1 2 1 4 ...
          2 4 3 4  3 1 1 4 2 3 2 4 4 2  1 2 3 1 2 2 1 2 3 2 4 3 1 4 3 1 3 ...
          2 4 4 4 1 2 2 3 2 1 3 2 4  3 2 2 4 2 3 2 3 2 3  4 4 4 2 3 3 4 3 ...
          1 4  3 1 2 3 3 4 3 1 1 1 1 2 2 4 2 4 3 1 2 1  2 1 4 3 2 1 3 2 4 ...
          2  2 2 3 3 1 3 1 2 3 3  4 2 1 2 1 3 2 4 4 3 4 2 4 3 4 1 1 3 2 3 ...
          3 1 4 3 2 2 3 3 3 1  3 2 1 3 1 2 1 1 3 2  2 2 3 4 2 1 3 3 3 2 ...
          3 2 3 4 2 1 3 2 3 3  3 4 3 4 4 3 3 2 3 3 3 4 3 4 2 3 3 3 3 2 3 ...
          2 1 3 2 2 1 4 3 1  2 2 2 1 3 4 2 1 2 3  4 1 3 2 3 1 4 1 3 2  3 ...
          3 1 3 4 3 4 1 4 1 2 4 3 3 2 4 4 1 1 2  4 1 4 3 2 3 3 2 1 4  2 1 ...
          3 1 3 2 1 3 1 4  4 3 4 1 2 4 3 1 3 1  3 4 3 2 1 2 2 1 4 1 4 3 2 ...
          3 3 4 3 4 3 1  1 1 4 1 2 2 3 2 1 2  1 3 1 4 3 2 3 4 1 1  3 3 1 ...
          3 1 1 1 1 4 1  2 2 3 2 1 4 2 1 3 3 2 3 2 4 2 4 4 2 2 3  2 4 4 2 ...
          2 4 2 3 2 4  2 1 2 4 3 1 2 4 2 3  2 4 3 2 3 2 4 2 3 3 4 2 3 4 4 ...
          2 3 3 2 4 3 2 3 3 2 3 1 3 2 3  3 4 1 4 2 1 3 2 4 2  1 2 4 2 1 1 ...
          1 3 3 2 3 3 4 1 1 4 1 2 3 3  4 4 1 4 2 2 1 2 1 3 1 1 4 2 1 3 3 ...
          3 3 1  4 1 1 2 3 2 1 3 3 1  1 1 3 1 1 2 1 4 3 4  3 1 3 2 1 1 1 ...
          1 3 3  2 2 1 3 2 1 1 1 1 3 3 2 2 1 3 3 1 1 2 2  3 4 1 1 1 1 1 3 ...
          3 2  2 3 2 3 4 4 3 2 4 3 3 2 3 4 4 4 4 4 2 2  1 4 1 3 3 2 4 2 2 ...
          3 2 2 2 2 2 2 4 3 1 2  3 1 3 2 1 4 2 1 2 1  1 1 1 1 4 2 3 1 2 3 ...
          2 4 2 1 1 3 4 2 1 3 1 3 3 4 3 3 2 3 1 1 1 2 2 2 3 1 2 1 3 3  1 ...
          2 4 1 4 1 1 1 3 1 4 1 2 2 1 3 3 2 3 4  4 4 2 2 2 2 2 4 3 3  1 1 ...
          3 2 4 2 2 2 4 2 3 4 3 2 3 2 4 2 4 2  2 4 3 4 4 2 2 3 1 2  2 2 4 ...
          3 2 2 3 2 4 4  1 2 2 3 3 1 4 1 2 2  4 3 4 2 2 3 2 2 4 4 4 2 4 2 ...
          2 2 4 4 2 3  3 3 1 1 3 2 3 4 3 3  2 3 2 4 4 4 2 4 2 1 4 1 3 2 4 ...
          2 1 2 3 2  4 3 4 1 3 3 4 1 4 2 4 2 1 3 4 4 2 3 3 4  3 4 1 3 3 4 ...
          2 3 4 4  2 3 2 4 2 2 1 1 3 2 4 3 3 3 2 4 3 4 3 4  3 2 1 2 3 1 1 ...
          2 2 2 2 2 2 3 4 4 2 1 3 2 2 2 3 1 2 2 3 2 4 3  2 3 2 2 4 4 1 4 ...
          2 2  3 3 4 1 1 2 4 1 4 2  3 4 2 4 4 3 1 3 4 2 2 1 1 2 2 2 3 3 4 ...
          1  1 3 1 2 1 2 3 1 2 4 4 1 4 2 3 2 2 1 2 4  3 3 2 1 3 2 1 3 2 2 ...
          1 2 4 3 3 4 1 1 2 1 3 3 1 4 4 1 3 2 1 3  1 3 2 3 1 3 3 4 1 4  3 ...
          4 1 3 3 2 3 3 4 3  2 4 1 2 1 3 1 3 4 4  2 4 4 3 1 1 3 4 3 3 4 3 ...
          3 2 2 4 1 1 2 4  1 2 3 3 2 4 1 2 1 2  4 1 3 1 1 3 3 1 2 1 3 4 1 ...
          4 4 4 3 3 4 1  4 2 4 3 2 3 2 4 2 4 3 2 4 3 1 1 3 2 2 1 3 4 4 1 ...
